0.1,BEGINNING,,10,SJF,100.000,1188.702,1308.702,1000,0
0.1,BEGINNING,,10,SRT,100.000,1188.702,1308.702,1000,0
0.1,BEGINNING,,10,FCFS,100.000,2245.662,2365.662,1000,0
0.1,BEGINNING,,10,RR,100.000,5682.222,5982.222,10000,9000
0.1,END,10,SJF,100.000,1188.702,1308.702,1000,0
0.1,END,10,SRT,100.000,1188.702,1308.702,1000,0
0.1,END,10,FCFS,100.000,2245.662,2365.662,1000,0
0.1,END,10,RR,100.000,5682.222,5982.222,10000,9000
0.1,BEGINNING,,20,SJF,100.000,1188.702,1308.702,1000,0
0.1,BEGINNING,,20,SRT,100.000,1188.702,1308.702,1000,0
0.1,BEGINNING,,20,FCFS,100.000,2245.662,2365.662,1000,0
0.1,BEGINNING,,20,RR,100.000,3780.422,3980.422,5000,4000
0.1,END,20,SJF,100.000,1188.702,1308.702,1000,0
0.1,END,20,SRT,100.000,1188.702,1308.702,1000,0
0.1,END,20,FCFS,100.000,2245.662,2365.662,1000,0
0.1,END,20,RR,100.000,3780.422,3980.422,5000,4000
0.1,BEGINNING,,30,SJF,100.000,1188.702,1308.702,1000,0
0.1,BEGINNING,,30,SRT,100.000,1188.702,1308.702,1000,0
0.1,BEGINNING,,30,FCFS,100.000,2245.662,2365.662,1000,0
0.1,BEGINNING,,30,RR,100.000,3402.342,3582.342,4000,3000
0.1,END,30,SJF,100.000,1188.702,1308.702,1000,0
0.1,END,30,SRT,100.000,1188.702,1308.702,1000,0
0.1,END,30,FCFS,100.000,2245.662,2365.662,1000,0
0.1,END,30,RR,100.000,3402.342,3582.342,4000,3000
0.2,BEGINNING,,10,SJF,100.000,1188.702,1308.702,1000,0
0.2,BEGINNING,,10,SRT,100.000,1188.702,1308.702,1000,0
0.2,BEGINNING,,10,FCFS,100.000,2245.662,2365.662,1000,0
0.2,BEGINNING,,10,RR,100.000,5682.222,5982.222,10000,9000
0.2,END,10,SJF,100.000,1188.702,1308.702,1000,0
0.2,END,10,SRT,100.000,1188.702,1308.702,1000,0
0.2,END,10,FCFS,100.000,2245.662,2365.662,1000,0
0.2,END,10,RR,100.000,5682.222,5982.222,10000,9000
0.2,BEGINNING,,20,SJF,100.000,1188.702,1308.702,1000,0
0.2,BEGINNING,,20,SRT,100.000,1188.702,1308.702,1000,0
0.2,BEGINNING,,20,FCFS,100.000,2245.662,2365.662,1000,0
0.2,BEGINNING,,20,RR,100.000,3780.422,3980.422,5000,4000
0.2,END,20,SJF,100.000,1188.702,1308.702,1000,0
0.2,END,20,SRT,100.000,1188.702,1308.702,1000,0
0.2,END,20,FCFS,100.000,2245.662,2365.662,1000,0
0.2,END,20,RR,100.000,3780.422,3980.422,5000,4000
0.2,BEGINNING,,30,SJF,100.000,1188.702,1308.702,1000,0
0.2,BEGINNING,,30,SRT,100.000,1188.702,1308.702,1000,0
0.2,BEGINNING,,30,FCFS,100.000,2245.662,2365.662,1000,0
0.2,BEGINNING,,30,RR,100.000,3402.342,3582.342,4000,3000
0.2,END,30,SJF,100.000,1188.702,1308.702,1000,0
0.2,END,30,SRT,100.000,1188.702,1308.702,1000,0
0.2,END,30,FCFS,100.000,2245.662,2365.662,1000,0
0.2,END,30,RR,100.000,3402.342,3582.342,4000,3000
0.3,BEGINNING,,10,SJF,100.000,1188.702,1308.702,1000,0
0.3,BEGINNING,,10,SRT,100.000,1188.702,1308.702,1000,0
0.3,BEGINNING,,10,FCFS,100.000,2245.662,2365.662,1000,0
0.3,BEGINNING,,10,RR,100.000,5682.222,5982.222,10000,9000
0.3,END,10,SJF,100.000,1188.702,1308.702,1000,0
0.3,END,10,SRT,100.000,1188.702,1308.702,1000,0
0.3,END,10,FCFS,100.000,2245.662,2365.662,1000,0
0.3,END,10,RR,100.000,5682.222,5982.222,10000,9000
0.3,BEGINNING,,20,SJF,100.000,1188.702,1308.702,1000,0
0.3,BEGINNING,,20,SRT,100.000,1188.702,1308.702,1000,0
0.3,BEGINNING,,20,FCFS,100.000,2245.662,2365.662,1000,0
0.3,BEGINNING,,20,RR,100.000,3780.422,3980.422,5000,4000
0.3,END,20,SJF,100.000,1188.702,1308.702,1000,0
0.3,END,20,SRT,100.000,1188.702,1308.702,1000,0
0.3,END,20,FCFS,100.000,2245.662,2365.662,1000,0
0.3,END,20,RR,100.000,3780.422,3980.422,5000,4000
0.3,BEGINNING,,30,SJF,100.000,1188.702,1308.702,1000,0
0.3,BEGINNING,,30,SRT,100.000,1188.702,1308.702,1000,0
0.3,BEGINNING,,30,FCFS,100.000,2245.662,2365.662,1000,0
0.3,BEGINNING,,30,RR,100.000,3402.342,3582.342,4000,3000
0.3,END,30,SJF,100.000,1188.702,1308.702,1000,0
0.3,END,30,SRT,100.000,1188.702,1308.702,1000,0
0.3,END,30,FCFS,100.000,2245.662,2365.662,1000,0
0.3,END,30,RR,100.000,3402.342,3582.342,4000,3000
0.4,BEGINNING,,10,SJF,100.000,1188.702,1308.702,1000,0
0.4,BEGINNING,,10,SRT,100.000,1188.702,1308.702,1000,0
0.4,BEGINNING,,10,FCFS,100.000,2245.662,2365.662,1000,0
0.4,BEGINNING,,10,RR,100.000,5682.222,5982.222,10000,9000
0.4,END,10,SJF,100.000,1188.702,1308.702,1000,0
0.4,END,10,SRT,100.000,1188.702,1308.702,1000,0
0.4,END,10,FCFS,100.000,2245.662,2365.662,1000,0
0.4,END,10,RR,100.000,5682.222,5982.222,10000,9000
0.4,BEGINNING,,20,SJF,100.000,1188.702,1308.702,1000,0
0.4,BEGINNING,,20,SRT,100.000,1188.702,1308.702,1000,0
0.4,BEGINNING,,20,FCFS,100.000,2245.662,2365.662,1000,0
0.4,BEGINNING,,20,RR,100.000,3780.422,3980.422,5000,4000
0.4,END,20,SJF,100.000,1188.702,1308.702,1000,0
0.4,END,20,SRT,100.000,1188.702,1308.702,1000,0
0.4,END,20,FCFS,100.000,2245.662,2365.662,1000,0
0.4,END,20,RR,100.000,3780.422,3980.422,5000,4000
0.4,BEGINNING,,30,SJF,100.000,1188.702,1308.702,1000,0
0.4,BEGINNING,,30,SRT,100.000,1188.702,1308.702,1000,0
0.4,BEGINNING,,30,FCFS,100.000,2245.662,2365.662,1000,0
0.4,BEGINNING,,30,RR,100.000,3402.342,3582.342,4000,3000
0.4,END,30,SJF,100.000,1188.702,1308.702,1000,0
0.4,END,30,SRT,100.000,1188.702,1308.702,1000,0
0.4,END,30,FCFS,100.000,2245.662,2365.662,1000,0
0.4,END,30,RR,100.000,3402.342,3582.342,4000,3000
0.5,BEGINNING,,10,SJF,100.000,1188.702,1308.702,1000,0
0.5,BEGINNING,,10,SRT,100.000,1188.702,1308.702,1000,0
0.5,BEGINNING,,10,FCFS,100.000,2245.662,2365.662,1000,0
0.5,BEGINNING,,10,RR,100.000,5682.222,5982.222,10000,9000
0.5,END,10,SJF,100.000,1188.702,1308.702,1000,0
0.5,END,10,SRT,100.000,1188.702,1308.702,1000,0
0.5,END,10,FCFS,100.000,2245.662,2365.662,1000,0
0.5,END,10,RR,100.000,5682.222,5982.222,10000,9000
0.5,BEGINNING,,20,SJF,100.000,1188.702,1308.702,1000,0
0.5,BEGINNING,,20,SRT,100.000,1188.702,1308.702,1000,0
0.5,BEGINNING,,20,FCFS,100.000,2245.662,2365.662,1000,0
0.5,BEGINNING,,20,RR,100.000,3780.422,3980.422,5000,4000
0.5,END,20,SJF,100.000,1188.702,1308.702,1000,0
0.5,END,20,SRT,100.000,1188.702,1308.702,1000,0
0.5,END,20,FCFS,100.000,2245.662,2365.662,1000,0
0.5,END,20,RR,100.000,3780.422,3980.422,5000,4000
0.5,BEGINNING,,30,SJF,100.000,1188.702,1308.702,1000,0
0.5,BEGINNING,,30,SRT,100.000,1188.702,1308.702,1000,0
0.5,BEGINNING,,30,FCFS,100.000,2245.662,2365.662,1000,0
0.5,BEGINNING,,30,RR,100.000,3402.342,3582.342,4000,3000
0.5,END,30,SJF,100.000,1188.702,1308.702,1000,0
0.5,END,30,SRT,100.000,1188.702,1308.702,1000,0
0.5,END,30,FCFS,100.000,2245.662,2365.662,1000,0
0.5,END,30,RR,100.000,3402.342,3582.342,4000,3000
0.6,BEGINNING,,10,SJF,100.000,1188.702,1308.702,1000,0
0.6,BEGINNING,,10,SRT,100.000,1188.702,1308.702,1000,0
0.6,BEGINNING,,10,FCFS,100.000,2245.662,2365.662,1000,0
0.6,BEGINNING,,10,RR,100.000,5682.222,5982.222,10000,9000
0.6,END,10,SJF,100.000,1188.702,1308.702,1000,0
0.6,END,10,SRT,100.000,1188.702,1308.702,1000,0
0.6,END,10,FCFS,100.000,2245.662,2365.662,1000,0
0.6,END,10,RR,100.000,5682.222,5982.222,10000,9000
0.6,BEGINNING,,20,SJF,100.000,1188.702,1308.702,1000,0
0.6,BEGINNING,,20,SRT,100.000,1188.702,1308.702,1000,0
0.6,BEGINNING,,20,FCFS,100.000,2245.662,2365.662,1000,0
0.6,BEGINNING,,20,RR,100.000,3780.422,3980.422,5000,4000
0.6,END,20,SJF,100.000,1188.702,1308.702,1000,0
0.6,END,20,SRT,100.000,1188.702,1308.702,1000,0
0.6,END,20,FCFS,100.000,2245.662,2365.662,1000,0
0.6,END,20,RR,100.000,3780.422,3980.422,5000,4000
0.6,BEGINNING,,30,SJF,100.000,1188.702,1308.702,1000,0
0.6,BEGINNING,,30,SRT,100.000,1188.702,1308.702,1000,0
0.6,BEGINNING,,30,FCFS,100.000,2245.662,2365.662,1000,0
0.6,BEGINNING,,30,RR,100.000,3402.342,3582.342,4000,3000
0.6,END,30,SJF,100.000,1188.702,1308.702,1000,0
0.6,END,30,SRT,100.000,1188.702,1308.702,1000,0
0.6,END,30,FCFS,100.000,2245.662,2365.662,1000,0
0.6,END,30,RR,100.000,3402.342,3582.342,4000,3000
0.7,BEGINNING,,10,SJF,100.000,1188.702,1308.702,1000,0
0.7,BEGINNING,,10,SRT,100.000,1188.702,1308.702,1000,0
0.7,BEGINNING,,10,FCFS,100.000,2245.662,2365.662,1000,0
0.7,BEGINNING,,10,RR,100.000,5682.222,5982.222,10000,9000
0.7,END,10,SJF,100.000,1188.702,1308.702,1000,0
0.7,END,10,SRT,100.000,1188.702,1308.702,1000,0
0.7,END,10,FCFS,100.000,2245.662,2365.662,1000,0
0.7,END,10,RR,100.000,5682.222,5982.222,10000,9000
0.7,BEGINNING,,20,SJF,100.000,1188.702,1308.702,1000,0
0.7,BEGINNING,,20,SRT,100.000,1188.702,1308.702,1000,0
0.7,BEGINNING,,20,FCFS,100.000,2245.662,2365.662,1000,0
0.7,BEGINNING,,20,RR,100.000,3780.422,3980.422,5000,4000
0.7,END,20,SJF,100.000,1188.702,1308.702,1000,0
0.7,END,20,SRT,100.000,1188.702,1308.702,1000,0
0.7,END,20,FCFS,100.000,2245.662,2365.662,1000,0
0.7,END,20,RR,100.000,3780.422,3980.422,5000,4000
0.7,BEGINNING,,30,SJF,100.000,1188.702,1308.702,1000,0
0.7,BEGINNING,,30,SRT,100.000,1188.702,1308.702,1000,0
0.7,BEGINNING,,30,FCFS,100.000,2245.662,2365.662,1000,0
0.7,BEGINNING,,30,RR,100.000,3402.342,3582.342,4000,3000
0.7,END,30,SJF,100.000,1188.702,1308.702,1000,0
0.7,END,30,SRT,100.000,1188.702,1308.702,1000,0
0.7,END,30,FCFS,100.000,2245.662,2365.662,1000,0
0.7,END,30,RR,100.000,3402.342,3582.342,4000,3000
0.8,BEGINNING,,10,SJF,100.000,1188.702,1308.702,1000,0
0.8,BEGINNING,,10,SRT,100.000,1188.702,1308.702,1000,0
0.8,BEGINNING,,10,FCFS,100.000,2245.662,2365.662,1000,0
0.8,BEGINNING,,10,RR,100.000,5682.222,5982.222,10000,9000
0.8,END,10,SJF,100.000,1188.702,1308.702,1000,0
0.8,END,10,SRT,100.000,1188.702,1308.702,1000,0
0.8,END,10,FCFS,100.000,2245.662,2365.662,1000,0
0.8,END,10,RR,100.000,5682.222,5982.222,10000,9000
0.8,BEGINNING,,20,SJF,100.000,1188.702,1308.702,1000,0
0.8,BEGINNING,,20,SRT,100.000,1188.702,1308.702,1000,0
0.8,BEGINNING,,20,FCFS,100.000,2245.662,2365.662,1000,0
0.8,BEGINNING,,20,RR,100.000,3780.422,3980.422,5000,4000
0.8,END,20,SJF,100.000,1188.702,1308.702,1000,0
0.8,END,20,SRT,100.000,1188.702,1308.702,1000,0
0.8,END,20,FCFS,100.000,2245.662,2365.662,1000,0
0.8,END,20,RR,100.000,3780.422,3980.422,5000,4000
0.8,BEGINNING,,30,SJF,100.000,1188.702,1308.702,1000,0
0.8,BEGINNING,,30,SRT,100.000,1188.702,1308.702,1000,0
0.8,BEGINNING,,30,FCFS,100.000,2245.662,2365.662,1000,0
0.8,BEGINNING,,30,RR,100.000,3402.342,3582.342,4000,3000
0.8,END,30,SJF,100.000,1188.702,1308.702,1000,0
0.8,END,30,SRT,100.000,1188.702,1308.702,1000,0
0.8,END,30,FCFS,100.000,2245.662,2365.662,1000,0
0.8,END,30,RR,100.000,3402.342,3582.342,4000,3000
0.9,BEGINNING,,10,SJF,100.000,1188.702,1308.702,1000,0
0.9,BEGINNING,,10,SRT,100.000,1188.702,1308.702,1000,0
0.9,BEGINNING,,10,FCFS,100.000,2245.662,2365.662,1000,0
0.9,BEGINNING,,10,RR,100.000,5682.222,5982.222,10000,9000
0.9,END,10,SJF,100.000,1188.702,1308.702,1000,0
0.9,END,10,SRT,100.000,1188.702,1308.702,1000,0
0.9,END,10,FCFS,100.000,2245.662,2365.662,1000,0
0.9,END,10,RR,100.000,5682.222,5982.222,10000,9000
0.9,BEGINNING,,20,SJF,100.000,1188.702,1308.702,1000,0
0.9,BEGINNING,,20,SRT,100.000,1188.702,1308.702,1000,0
0.9,BEGINNING,,20,FCFS,100.000,2245.662,2365.662,1000,0
0.9,BEGINNING,,20,RR,100.000,3780.422,3980.422,5000,4000
0.9,END,20,SJF,100.000,1188.702,1308.702,1000,0
0.9,END,20,SRT,100.000,1188.702,1308.702,1000,0
0.9,END,20,FCFS,100.000,2245.662,2365.662,1000,0
0.9,END,20,RR,100.000,3780.422,3980.422,5000,4000
0.9,BEGINNING,,30,SJF,100.000,1188.702,1308.702,1000,0
0.9,BEGINNING,,30,SRT,100.000,1188.702,1308.702,1000,0
0.9,BEGINNING,,30,FCFS,100.000,2245.662,2365.662,1000,0
0.9,BEGINNING,,30,RR,100.000,3402.342,3582.342,4000,3000
0.9,END,30,SJF,100.000,1188.702,1308.702,1000,0
0.9,END,30,SRT,100.000,1188.702,1308.702,1000,0
0.9,END,30,FCFS,100.000,2245.662,2365.662,1000,0
0.9,END,30,RR,100.000,3402.342,3582.342,4000,3000
